--------------- Half Life Database --------------------
Si se añade un nuevo nucleo añadir tb en Number_of_Nuclei
Nuclei		T12		error1		error2		Prob Beta		Prob Neutron
-----------------------------------------------------------------------------------------------------------------
Number_of_Nuclei  79
154Pr		2.3		0.0		0.0		0.9982		0.0018
154Nd		29.2		0.2		0.2		1.0		0.0
155Pr		1.47		0.03		0.03		0.998		0.0020
155Nd		8.9		0.2		0.2		1.0		0.0
155Pm		41.5		0.2		0.2		1.0		0.0
156Nd		5.26		0.2		0.2		1.0		0.0
156Pm		26.7		0.1		0.1		1.0		0.0
156Sm		33840.0		720.000		720.000		1.0		0.0
156Pr		0.444		0.006		0.006		0.9826		0.0174
157Pm		10.56		0.1		0.1		1.0		0.0
157Sm		481.8		4.2		4.2		1.0		0.0
157Eu    	54648.0		108.0		108.0		1.0		0.0
157Pr		0.295		0.029		0.029		0.9125		0.0875
157Nd		1.15		0.03		0.03		1.0		0.0
158Pm		4.8		0.5		0.5		1.0		0.0
158Sm		318.0		18.0		18.0		1.0		0.0
158Eu		2754.0		12.0		12.0		1.0		0.0
158Gd		999999999.0	0.0		0.0		1.0		0.0
158Nd		0.820		0.15		0.36		1.0		0.0
158Pr		0.181		0.014		0.014		0.8819		0.1181
159Pm		1.5		0.2		0.2		0.9999		0.0001
159Sm		11.37		0.15		0.15		1.0		0.0
159Eu		1086.0		6.0		6.0		1.0		0.0
159Gd		66524.4		14.4		14.4		1.0		0.0
159Tb		999999999.0	0.0		0.0		1.0		0.0
159Nd		0.485		0.039		0.020		0.9997		0.0003
159Pr		0.13		0.04		0.04		0.961040	0.03896
160Pm		0.73		0.06		0.06		0.9994		0.0006
160Sm		9.3		0.3		0.3		1.0		0.0
160Eu		38.0		4.0		4.0		1.0		0.0
160Gd		999999999.0	0.0		0.0		1.0		0.0
160Nd		0.44		0.04		0.04		0.9989		0.0011
161Pm		1.05		0.15		0.15		0.9951		0.0049
161Sm		4.8		0.4		0.4		1.0		0.0
161Eu		26.0		3.0		3.0		1.0		0.0
161Gd		219.6		30.0		30.0		1.0		0.0
161Tb		595296.0	1728.0		1728.0		1.0		0.0
161Nd		0.22		0.08		0.08		0.9947		0.0053
162Pm		0.63		0.18		0.18		0.9914		0.0086
162Sm		2.4		0.5		0.5		1.0		0.0
162Eu		10.6		0.1		0.1		1.0		0.0
162Gd		504.0		12.0		12.0		1.0		0.0
162Tb		456.0		9.0		9.0		1.0		0.0
163Sm		1.23		0.51		0.47		1.0		0.0
163Eu		7.7		0.4		0.4		1.0		0.0
163Gd		68.0		3.0		3.0		1.0		0.0
163Tb		1170.0		18.0		18.0		1.0		0.0
163Dy   	999999999.0	0.0		0.0		1.0		0.0
163Pm		0.43		0.35		0.35		0.9514		0.0486
164Pm		1.0		0.0		0.0		0.9238		0.0762
164Eu		4.15		0.2		0.2		1.0		0.0
164Gd		45.0		3.0		3.0		1.0		0.0
164Tb		180.0		6.0		6.0		1.0		0.0
164Dy		999999999.0	0.0		0.0		1.0		0.0
164Sm		1.43		0.24		0.24		1.0		0.0
165Eu		2.3		0.2		0.2		0.9981		0.0019
165Gd		11.2		0.3		0.3		1.0		0.0
165Tb		126.6		6.0		6.0		1.0		0.0
165Dy		8402.40		0.6		0.6		1.0		0.0
165Sm		0.98		0.02		0.02		0.9997		0.0003
166Sm		0.8		0.63		0.63		0.9994		0.0006
166Eu		1.27		0.09		0.14		0.9952		0.0048
166Gd		4.8		0.1		0.1		1.0		0.0
166Tb		25.1		0.2		0.2		1.0		0.0
166Dy		293760.0	0.0		0.0		1.0		0.0
166Ho		96566.4		43.2		43.2		1.0		0.0
167Eu		1.3		0.5		0.5		0.8508		0.1492
167Gd		4.26		0.18		0.2		1.0		0.0
167Tb		19.4		0.27		0.27		1.0		0.0
167Dy		372.0		4.8		4.8		1.0		0.0
167Ho		11160.0		0.0		0.0		1.0		0.0
168Eu		0.2		0.1		0.1		0.9391		0.0609
168Gd		3.03		0.16		0.16		1.0		0.0
168Tb		8.2		0.13		0.13		1.0		0.0
168Dy		522.000		180.0		180.0		1.0		0.0
169Gd		0.75		0.21		0.21		1.0		0.0
169Tb		5.1		0.3		0.3		1.0		0.0
169Dy		39.0		8.0		8.0		1.0		0.0
